13.91
14.00
14.21
14.53
15.00
15.65
16.55
17.82
19.64
20.76
20.98
20.39
19.27
18.87
18.96
19.48
20.48
20.75
20.31
19.42
18.35
17.36
16.87
16.69
16.69
16.82
17.06
17.39
17.82
18.35
18.72
18.89
18.86
18.68
18.40
18.06
17.70
17.49
17.41
17.42
17.53
17.55
17.66
17.86
18.17
18.33
18.34
18.22
18.00
17.91
17.93
18.05
18.26
18.58
19.01
19.24
19.27
19.11
18.82
18.46
18.07
17.66
17.23
16.98
16.92
17.05
17.37
17.90
18.16
18.11
17.81
17.35
17.14
17.13
17.28
17.59
17.65
17.47
17.12
16.66
16.18
15.70
15.24
14.73
14.45
14.41
14.65
15.18
15.37
15.20
14.74
14.09
